width =  0.004703822267779808
amplitude =  11.842326801286623
center =  0.0036677174293417267
width =  0.0028007804056929824
amplitude =  10.419405180695021
center =  0.003543688026287049
width =  -0.002270957727683727
amplitude =  8.754583881461205
center =  0.003436578550862829
width =  -0.0017709449178746272
amplitude =  8.15972417168382
center =  0.0034316568649705166
